# nu[GHz] s_nu[Jy]
          98.7625580           0.0000227
          98.7781830           0.0001638
          98.7938156          -0.0001396
          98.8094330          -0.0004403
          98.8250580          -0.0004937
          98.8406906          -0.0003148
          98.8563080          -0.0000322
          98.8719330           0.0001552
          98.8875656           0.0001020
          98.9031830           0.0002537
          98.9188080           0.0003396
          98.9344406           0.0000478
          98.9500580          -0.0001228
          98.9656830           0.0000211
          98.9813080           0.0001656
          98.9969330           0.0000922
          99.0125580           0.0000154
          99.0281830          -0.0000178
          99.0438080          -0.0001236
          99.0594330          -0.0002630
          99.0750580          -0.0002649
          99.0906830          -0.0001030
          99.1063080           0.0000213
          99.1219330          -0.0000708
          99.1375580          -0.0001516
          99.1531830          -0.0001795
          99.1688080          -0.0002842
          99.1844330          -0.0002846
          99.2000580          -0.0001375
          99.2156830          -0.0000373
          99.2313080          -0.0001836
          99.2469254          -0.0002714
          99.2625580          -0.0002032
          99.2781830          -0.0002284
          99.2938004          -0.0002458
          99.3094330          -0.0002476
          99.3250580          -0.0003663
          99.3406754          -0.0002561
          99.3563080          -0.0001150
          99.3719330           0.0000166
          99.3875504           0.0001113
          99.4031754          -0.0000008
          99.4188080          -0.0000153
          99.4344254           0.0000755
          99.4500504           0.0001025
          99.4656830          -0.0001012
          99.4813004          -0.0003562
          99.4969254          -0.0001072
          99.5125580           0.0005088
          99.5281754           0.0007326
          99.5438004           0.0006732
          99.5594330           0.0007635
          99.5750504           0.0009722
          99.5906754           0.0009701
          99.6063004           0.0008899
          99.6219254           0.0008479
          99.6375504           0.0005508
          99.6531754           0.0001638
          99.6688004           0.0002185
          99.6844254           0.0006480
          99.7000504           0.0008560
          99.7156754           0.0005770
          99.7313004           0.0002093
          99.7469254          -0.0000461
          99.7625504          -0.0003517
          99.7781754          -0.0005370
          99.7938004          -0.0003342
          99.8094254          -0.0000889
          99.8250504          -0.0001074
          99.8406754          -0.0001667
          99.8563004          -0.0002264
          99.8719177          -0.0001749
          99.8875504          -0.0001191
          99.9031754          -0.0002235
          99.9187927          -0.0004584
          99.9344254          -0.0004195
          99.9500504          -0.0002252
          99.9656677          -0.0001064
          99.9813004           0.0001440
          99.9969254           0.0003025
         100.0125427           0.0002166
         100.0281754          -0.0000286
         100.0438004          -0.0000752
         100.0594177          -0.0001619
         100.0750504          -0.0002494
         100.0906754          -0.0000829
         100.1062927          -0.0000042
         100.1219254          -0.0001751
         100.1375504          -0.0002180
         100.1531677          -0.0001852
         100.1688004          -0.0000937
         100.1844254          -0.0000150
         100.2000427          -0.0000504
         100.2156754          -0.0000338
         100.2312927          -0.0000553
         100.2469177          -0.0001284
         100.2625504           0.0000164
         100.2781677           0.0001979
         100.2937927           0.0002050
         100.3094254          -0.0001421
         100.3250427          -0.0004639
         100.3406677          -0.0003871
         100.3563004          -0.0002233
         100.3719177          -0.0000894
         100.3875427           0.0000493
         100.4031754           0.0001231
         100.4187927           0.0000643
         100.4344177          -0.0000101
         100.4500504           0.0001478
