# lambda[AA] Flambda[erg/s/cm2/AA]
      21001.9   1.2041412e-19
      21004.0   1.3103038e-19
      21006.2   1.9329453e-19
      21008.4   2.9286291e-19
      21010.5   4.0546643e-19
      21012.7   5.1136806e-19
      21014.9   6.0608265e-19
      21017.1   6.9646626e-19
      21019.2   7.8123496e-19
      21021.4   8.3275524e-19
      21023.6   8.0108197e-19
      21025.7   6.4441003e-19
      21027.9   3.6684131e-19
      21030.1   3.4598944e-20
      21032.3  -2.4535930e-19
      21034.4  -3.7326487e-19
      21036.6  -3.0334823e-19
      21038.8  -6.2592846e-20
      21041.0   2.6659262e-19
      21043.1   5.8532823e-19
      21045.3   8.1609402e-19
      21047.5   9.2392830e-19
      21049.6   9.1797698e-19
      21051.8   8.3712385e-19
      21054.0   7.2983894e-19
      21056.2   6.3939329e-19
      21058.3   5.9915391e-19
      21060.5   6.2840556e-19
      21062.7   7.2134302e-19
      21064.8   8.4079076e-19
      21067.0   9.3506577e-19
      21069.2   9.6999764e-19
      21071.4   9.4723457e-19
      21073.5   8.9436334e-19
      21075.7   8.4074081e-19
      21077.9   8.0210662e-19
      21080.0   7.8055591e-19
      21082.2   7.7438783e-19
      21084.4   7.9064210e-19
      21086.6   8.5138551e-19
      21088.7   9.8344327e-19
      21090.9   1.1954002e-18
      21093.1   1.4630514e-18
      21095.2   1.7385658e-18
      21097.4   1.9735205e-18
      21099.6   2.1323149e-18
      21101.8   2.1901547e-18
      21103.9   2.1335102e-18
      21106.1   1.9730302e-18
      21108.3   1.7575955e-18
      21110.5   1.5632725e-18
      21112.6   1.4534405e-18
      21114.8   1.4407914e-18
      21117.0   1.4867525e-18
      21119.1   1.5353369e-18
      21121.3   1.5440053e-18
      21123.5   1.4902841e-18
      21125.7   1.3670848e-18
      21127.8   1.1877029e-18
      21130.0   9.9370798e-19
      21132.2   8.4286016e-19
      21134.3   7.7464337e-19
      21136.5   7.8399213e-19
      21138.7   8.2640061e-19
      21140.9   8.5024928e-19
      21143.0   8.2677379e-19
      21145.2   7.5532544e-19
      21147.4   6.4979220e-19
      21149.5   5.2780580e-19
      21151.7   4.1286613e-19
      21153.9   3.3302984e-19
      21156.1   3.0339221e-19
      21158.2   3.0437736e-19
      21160.4   2.8342718e-19
      21162.6   1.8723237e-19
      21164.8  -1.4101180e-21
      21166.9  -2.5023414e-19
      21169.1  -4.8899154e-19
      21171.3  -6.3071225e-19
      21173.4  -5.9951314e-19
      21175.6  -3.6777252e-19
      21177.8   1.6429687e-20
      21180.0   4.4459148e-19
      21182.1   8.0590878e-19
      21184.3   1.0421287e-18
      21186.5   1.1570321e-18
      21188.6   1.1873111e-18
      21190.8   1.1711814e-18
      21193.0   1.1334859e-18
      21195.2   1.0814674e-18
      21197.3   1.0073460e-18
      21199.5   9.0150832e-19
      21201.7   7.7184638e-19
      21203.8   6.4870748e-19
      21206.0   5.7006113e-19
      21208.2   5.5879017e-19
      21210.4   6.0810897e-19
      21212.5   6.8203937e-19
      21214.7   7.3152620e-19
      21216.9   7.2088259e-19
      21219.1   6.5028967e-19
      21221.2   5.5930939e-19
      21223.4   5.0789970e-19
      21225.6   5.4847014e-19
      21227.7   7.0183651e-19
      21229.9   9.4242908e-19
      21232.1   1.2003570e-18
      21234.3   1.3896843e-18
      21236.4   1.4517315e-18
      21238.6   1.3830548e-18
      21240.8   1.2218564e-18
      21242.9   1.0021770e-18
      21245.1   7.2232617e-19
      21247.3   3.6809093e-19
      21249.5  -2.7496501e-20
      21251.6  -3.5865549e-19
      21253.8  -5.0278710e-19
      21256.0  -4.1414323e-19
      21258.1  -1.6083305e-19
      21260.3   1.3101380e-19
      21262.5   3.6662051e-19
      21264.7   5.2357477e-19
      21266.8   6.2666663e-19
      21269.0   7.0332332e-19
      21271.2   7.6591590e-19
      21273.3   8.2166122e-19
      21275.5   8.8018859e-19
      21277.7   9.4317039e-19
      21279.9   9.9329912e-19
      21282.0   1.0045097e-18
      21284.2   9.6788344e-19
      21286.4   9.0493214e-19
      21288.6   8.5341085e-19
      21290.7   8.4281833e-19
      21292.9   8.8274841e-19
      21295.1   9.6691595e-19
      21297.2   1.0805246e-18
      21299.4   1.2033042e-18
      21301.6   1.3147609e-18
      21303.8   1.4031980e-18
      21305.9   1.4717873e-18
      21308.1   1.5337847e-18
      21310.3   1.5968931e-18
      21312.4   1.6493497e-18
      21314.6   1.6635924e-18
      21316.8   1.6215444e-18
      21319.0   1.5403848e-18
      21321.1   1.4707566e-18
      21323.3   1.4597672e-18
      21325.5   1.5061985e-18
      21327.6   1.5479068e-18
      21329.8   1.4992291e-18
      21332.0   1.3104632e-18
      21334.2   1.0062869e-18
      21336.3   6.7751142e-19
      21338.5   4.3043259e-19
      21340.7   3.3161474e-19
      21342.9   3.7909545e-19
      21345.0   5.1013565e-19
      21347.2   6.3665194e-19
      21349.4   6.9014260e-19
      21351.5   6.5307786e-19
      21353.7   5.5944306e-19
      21355.9   4.6485631e-19
      21358.1   4.0870726e-19
      21360.2   3.9691922e-19
      21362.4   4.1293192e-19
      21364.6   4.3781601e-19
      21366.7   4.5832551e-19
      21368.9   4.6298169e-19
      21371.1   4.4177767e-19
      21373.3   3.9570431e-19
      21375.4   3.4360380e-19
      21377.6   3.1305772e-19
      21379.8   3.2057332e-19
      21381.9   3.5947671e-19
      21384.1   4.0538018e-19
      21386.3   4.3141694e-19
      21388.5   4.2043930e-19
      21390.6   3.6972870e-19
      21392.8   2.9019131e-19
      21395.0   2.0075620e-19
      21397.1   1.1858408e-19
      21399.3   5.1635770e-20
      21401.5   2.1769446e-21
      21403.7  -2.0708344e-20
      21405.8   6.0725915e-21
      21408.0   1.0893549e-19
      21410.2   2.9443193e-19
      21412.4   5.3289881e-19
      21414.5   7.6370539e-19
      21416.7   9.2115847e-19
      21418.9   9.6593086e-19
      21421.0   9.0157583e-19
      21423.2   7.6744889e-19
      21425.4   6.1435042e-19
      21427.6   4.7866950e-19
      21429.7   3.6927176e-19
      21431.9   2.7468196e-19
      21434.1   1.8585757e-19
      21436.2   1.1883175e-19
      21438.4   1.1533560e-19
      21440.6   2.1470244e-19
      21442.8   4.1809573e-19
      21444.9   6.7788265e-19
      21447.1   9.2199289e-19
      21449.3   1.0910097e-18
      21451.4   1.1592442e-18
      21453.6   1.1297286e-18
      21455.8   1.0185286e-18
      21458.0   8.4506459e-19
      21460.1   6.3301813e-19
      21462.3   4.1535565e-19
      21464.5   2.3479942e-19
      21466.7   1.3489136e-19
      21468.8   1.4293876e-19
      21471.0   2.5638495e-19
      21473.2   4.4129602e-19
      21475.3   6.4432884e-19
      21477.5   8.1251978e-19
      21479.7   9.1293624e-19
      21481.9   9.4214615e-19
      21484.0   9.1860865e-19
      21486.2   8.6333577e-19
      21488.4   7.8218986e-19
      21490.5   6.6132498e-19
      21492.7   4.7332079e-19
      21494.9   1.8559043e-19
      21497.1  -2.2793910e-19
      21499.2  -7.6396949e-19
      21501.4  -1.3602600e-18
      21503.6  -1.8887774e-18
      21505.7  -2.2004319e-18
      21510.1  -2.2062816e-18
      21512.3  -1.9305505e-18
      21514.4  -1.4948223e-18
      21516.6  -1.0367651e-18
      21518.8  -6.3693167e-19
      21521.0  -3.0342548e-19
      21523.1  -1.3028450e-20
      21525.3   2.3346550e-19
      21527.5   3.8571404e-19
      21529.6   3.6533269e-19
      21531.8   1.2000851e-19
      21534.0  -3.2622829e-19
      21536.2  -8.6217524e-19
      21538.3  -1.3276854e-18
      21542.7  -1.5810274e-18
      21544.8  -1.5516482e-18
      21547.0  -1.2563228e-18
      21549.2  -7.6998946e-19
      21551.4  -1.8981427e-19
      21553.5   3.8848163e-19
      21555.7   8.8153969e-19
      21557.9   1.2281494e-18
      21560.0   1.4032454e-18
      21562.2   1.4270566e-18
      21564.4   1.3563243e-18
      21566.6   1.2591991e-18
      21568.7   1.1915322e-18
      21570.9   1.1846362e-18
      21573.1   1.2392356e-18
      21575.2   1.3197653e-18
      21577.4   1.3592187e-18
      21579.6   1.2899561e-18
      21581.8   1.0903950e-18
      21583.9   8.0823323e-19
      21586.1   5.3205886e-19
      21588.3   3.3446496e-19
      21590.5   2.3370822e-19
      21592.6   1.9597854e-19
      21594.8   1.6563062e-19
      21597.0   1.0020697e-19
      21599.1  -6.0430075e-21
      21601.3  -1.1918144e-19
      21603.5  -1.8379522e-19
      21605.7  -1.5107630e-19
      21607.8  -2.1096832e-21
      21610.0   2.4191773e-19
      21612.2   5.2659659e-19
      21614.3   7.8923817e-19
      21616.5   9.9118249e-19
      21618.7   1.1324916e-18
      21620.9   1.2364410e-18
      21623.0   1.3167110e-18
      21625.2   1.3588574e-18
      21627.4   1.3356166e-18
      21629.5   1.2441239e-18
      21631.7   1.1290270e-18
      21633.9   1.0654617e-18
      21636.1   1.1116076e-18
      21638.2   1.2683560e-18
      21640.4   1.4757228e-18
      21642.6   1.6446033e-18
      21644.8   1.6996075e-18
      21646.9   1.6099533e-18
      21649.1   1.3945250e-18
      21651.3   1.1035861e-18
      21653.4   7.9161109e-19
      21655.6   4.9662464e-19
      21657.8   2.3376129e-19
      21660.0   3.0807109e-21
      21662.1  -1.9368234e-19
      21664.3  -3.3905721e-19
      21666.5  -4.0180138e-19
      21668.6  -3.5755136e-19
      21670.8  -2.1337898e-19
      21673.0  -1.5039467e-20
      21675.2   1.7112283e-19
      21677.3   2.9107025e-19
      21679.5   3.3002865e-19
      21681.7   3.1547628e-19
      21683.8   2.9213686e-19
      21686.0   2.8840351e-19
      21688.2   3.0382416e-19
      21690.4   3.2395415e-19
      21692.5   3.3983563e-19
      21694.7   3.5041845e-19
      21696.9   3.5185042e-19
      21699.1   3.3242332e-19
      21701.2   2.8128658e-19
      21703.4   2.0285406e-19
      21705.6   1.2483159e-19
      21707.7   9.1733056e-20
      21709.9   1.4319002e-19
      21714.3   2.8811513e-19
      21716.4   4.9433984e-19
      21718.6   7.0593097e-19
      21720.8   8.7438576e-19
      21722.9   9.7725688e-19
      21725.1   1.0118529e-18
      21727.3   9.7940117e-19
      21729.5   8.8301462e-19
      21731.6   7.4038652e-19
      21733.8   5.8912473e-19
      21736.0   4.7041044e-19
      21738.1   4.0041055e-19
      21740.3   3.5552866e-19
      21742.5   2.8823840e-19
      21744.7   1.6510035e-19
      21746.8  -4.7755129e-22
      21749.0  -1.4429482e-19
      21751.2  -1.8084428e-19
      21753.3  -5.0994902e-20
      21755.5   2.3955823e-19
      21757.7   6.1536564e-19
      21759.9   9.6582257e-19
      21762.0   1.2004069e-18
      21764.2   1.2901886e-18
      21766.4   1.2694131e-18
      21768.6   1.2023482e-18
      21770.7   1.1413377e-18
      21772.9   1.1033732e-18
      21775.1   1.0773845e-18
      21777.2   1.0543649e-18
      21779.4   1.0547858e-18
      21781.6   1.1245828e-18
      21783.8   1.2929327e-18
      21785.9   1.5239272e-18
      21788.1   1.7088984e-18
      21790.3   1.7154901e-18
      21792.4   1.4629219e-18
      21794.6   9.7466738e-19
      21796.8   3.7398493e-19
      21801.1  -1.7475045e-19
      21803.3  -5.4520907e-19
      21805.5  -6.9414684e-19
      21807.6  -6.4763979e-19
      21809.8  -4.5736089e-19
      21812.0  -1.7318879e-19
      21814.2   1.5487018e-19
      21816.3   4.7262832e-19
      21818.5   7.3203976e-19
      21820.7   9.0622446e-19
      21822.9   9.9405926e-19
      21825.0   1.0142195e-18
      21827.2   9.9653286e-19
      21829.4   9.6969586e-19
      21831.5   9.4528129e-19
      21833.7   9.1126628e-19
      21835.9   8.4870237e-19
      21838.1   7.6033274e-19
      21840.2   6.7754273e-19
      21842.4   6.3276849e-19
      21844.6   6.2677976e-19
      21846.7   6.2752767e-19
      21848.9   6.0101413e-19
      21851.1   5.3952865e-19
      21853.3   4.6223111e-19
      21855.4   3.9506264e-19
      21857.6   3.5199348e-19
      21859.8   3.3012074e-19
      21861.9   3.1518066e-19
      21864.1   2.8906506e-19
      21866.3   2.3586932e-19
      21868.5   1.4987620e-19
      21870.6   4.4551522e-20
      21872.8  -4.7574039e-20
      21875.0  -8.9509477e-20
      21877.1  -5.8149997e-20
      21879.3   4.7566799e-20
      21881.5   2.0910453e-19
      21883.7   3.9297974e-19
      21885.8   5.5748760e-19
      21888.0   6.6727116e-19
      21890.2   7.1206491e-19
      21892.4   7.1529523e-19
      21894.5   7.2266518e-19
      21896.7   7.7549590e-19
      21898.9   8.8564908e-19
      21901.0   1.0308703e-18
      21903.2   1.1728343e-18
      21905.4   1.2821691e-18
      21907.6   1.3517212e-18
      21909.7   1.3933719e-18
      21911.9   1.4228824e-18
      21914.1   1.4466856e-18
      21916.2   1.4593297e-18
      21918.4   1.4529839e-18
      21920.6   1.4328525e-18
      21922.8   1.4199197e-18
      21924.9   1.4316104e-18
      21927.1   1.4558970e-18
      21929.3   1.4492730e-18
      21931.4   1.3629408e-18
      21933.6   1.1759015e-18
      21935.8   9.0869219e-19
      21938.0   6.1279788e-19
      21940.1   3.4746821e-19
      21942.3   1.5721146e-19
      21944.5   5.9880201e-20
      21946.7   5.1911851e-20
      21948.8   1.2388343e-19
      21951.0   2.6637170e-19
      21955.3   4.5791526e-19
      21959.7   6.5496724e-19
      21961.9   8.0831760e-19
      21964.0   8.9843507e-19
      21966.2   9.5178528e-19
      21968.4   1.0088008e-18
      21970.5   1.0735973e-18
      21972.7   1.0996532e-18
      21974.9   1.0292018e-18
      21977.1   8.4634092e-19
      21979.2   5.9667256e-19
      21981.4   3.6186484e-19
      21983.6   2.1418896e-19
      21985.7   1.8576523e-19
      21987.9   2.6235977e-19
      21990.1   3.9426130e-19
      21992.3   5.1675896e-19
      21994.4   5.7756925e-19
      21996.6   5.6107481e-19
      21998.8   4.9287173e-19
      22001.0   4.1776312e-19
      22003.1   3.6773132e-19
      22005.3   3.4679055e-19
      22007.5   3.4231364e-19
      22009.6   3.4460241e-19
      22011.8   3.5052282e-19
      22014.0   3.5001830e-19
      22016.2   3.2199449e-19
      22018.3   2.5748104e-19
      22020.5   1.9084078e-19
      22022.7   1.9706834e-19
      22024.8   3.3938099e-19
      22027.0   6.0445727e-19
      22029.2   8.8556663e-19
      22031.4   1.0371909e-18
      22033.5   9.6172031e-19
      22035.7   6.6418663e-19
      22037.9   2.4695220e-19
      22040.0  -1.3276045e-19
      22042.2  -3.1041653e-19
      22044.4  -1.6242443e-19
      22046.6   3.4005989e-19
      22048.7   1.0937597e-18
      22050.9   1.8849011e-18
      22053.1   2.4792405e-18
      22055.2   2.7280185e-18
      22057.4   2.6210660e-18
      22059.6   2.2650082e-18
      22061.8   1.8163925e-18
      22063.9   1.4100023e-18
      22066.1   1.1120638e-18
      22068.3   9.1523978e-19
      22070.5   7.7450785e-19
      22072.6   6.5517952e-19
      22074.8   5.5651782e-19
      22077.0   5.0054393e-19
      22079.1   5.0578411e-19
      22081.3   5.6964812e-19
      22083.5   6.6695116e-19
      22085.7   7.6108714e-19
      22087.8   8.2155869e-19
      22090.0   8.3858740e-19
      22092.2   8.2429536e-19
      22094.3   7.9897239e-19
      22096.5   7.7312367e-19
      22098.7   7.3808115e-19
      22100.9   6.7170203e-19
      22103.0   5.5621618e-19
      22105.2   3.9841976e-19
      22107.4   2.3813620e-19
      22109.5   1.3430388e-19
      22111.7   1.3371154e-19
      22113.9   2.4389545e-19
      22116.1   4.2958419e-19
      22118.2   6.3481657e-19
      22120.4   8.1369350e-19
      22122.6   9.4761391e-19
      22124.8   1.0379091e-18
      22129.1   1.0840812e-18
      22131.3   1.0722122e-18
      22133.4   9.8266514e-19
      22135.6   8.1379519e-19
      22137.8   5.9346361e-19
      22140.0   3.6821369e-19
      22142.1   1.8218678e-19
      22144.3   6.3509296e-20
      22146.5   2.1692747e-20
      22148.6   4.8641389e-20
      22150.8   1.2172154e-19
      22153.0   2.1533576e-19
      22155.2   3.1744047e-19
      22157.3   4.3215290e-19
      22159.5   5.6026124e-19
      22161.7   6.7956685e-19
      22163.8   7.5218255e-19
      22166.0   7.5365902e-19
      22168.2   6.8994240e-19
      22170.4   5.8558827e-19
      22172.5   4.6352757e-19
      22174.7   3.4146570e-19
      22176.9   2.4151103e-19
      22179.1   1.9288777e-19
      22181.2   2.2020718e-19
      22183.4   3.2781153e-19
      22185.6   4.9273412e-19
      22187.7   6.7018934e-19
      22189.9   8.1062014e-19
      22192.1   8.8171884e-19
      22194.3   8.8442447e-19
      22196.4   8.5343043e-19
      22198.6   8.3853333e-19
      22200.8   8.7668303e-19
      22202.9   9.7287077e-19
      22205.1   1.1043226e-18
      22207.3   1.2436146e-18
      22209.5   1.3756292e-18
      22211.6   1.4937231e-18
      22213.8   1.5834082e-18
      22216.0   1.6158219e-18
      22218.1   1.5607740e-18
      22220.3   1.4056184e-18
      22222.5   1.1651630e-18
      22224.7   8.7887158e-19
      22226.8   5.9967869e-19
      22229.0   3.7522261e-19
      22231.2   2.2648088e-19
      22233.3   1.3907003e-19
      22235.5   7.8303434e-20
      22237.7   2.0415313e-20
      22239.9  -2.4326635e-20
      22242.0  -1.7692561e-20
      22244.2   7.3038791e-20
      22246.4   2.4097828e-19
      22248.6   4.3466038e-19
      22250.7   5.8633675e-19
      22252.9   6.4740444e-19
      22255.1   6.0284951e-19
      22257.2   4.6269739e-19
      22259.4   2.4792722e-19
      22261.6  -1.3187017e-20
      22263.8  -2.8129906e-19
      22265.9  -5.0651105e-19
      22268.1  -6.4083133e-19
      22270.3  -6.5843047e-19
      22272.4  -5.6811306e-19
      22274.6  -4.0456902e-19
      22276.8  -2.0311087e-19
      22279.0   1.9963334e-20
      22281.1   2.6211341e-19
      22283.3   5.1022498e-19
      22285.5   7.2456540e-19
      22287.6   8.5035256e-19
      22289.8   8.4821029e-19
      22292.0   7.1814676e-19
      22294.2   5.0028417e-19
      22296.3   2.6061244e-19
      22298.5   7.1243033e-20
      22300.7  -9.9433607e-21
      22302.9   4.2780382e-20
      22305.0   2.1556180e-19
      22307.2   4.6449359e-19
      22309.4   7.3497956e-19
      22311.5   9.7527555e-19
      22313.7   1.1392109e-18
      22315.9   1.1874938e-18
      22318.1   1.0949942e-18
      22320.2   8.6415086e-19
      22322.4   5.3814805e-19
      22324.6   2.0092164e-19
      22326.7  -4.8583079e-20
      22328.9  -1.3707762e-19
      22331.1  -4.8919732e-20
      22333.3   1.6770240e-19
      22335.4   4.1736899e-19
      22337.6   5.8675039e-19
      22339.8   5.8170727e-19
      22341.9   3.6471732e-19
      22344.1  -2.6069631e-20
      22346.3  -4.8997871e-19
      22348.5  -9.0158494e-19
      22350.6  -1.1544361e-18
      22352.8  -1.1931013e-18
      22355.0  -1.0238067e-18
      22357.1  -7.0224199e-19
      22359.3  -3.0637602e-19
      22361.5   8.9061781e-20
      22363.7   4.2673148e-19
      22365.8   6.7054796e-19
      22368.0   8.0658646e-19
      22370.2   8.4475487e-19
      22372.4   8.1745600e-19
      22374.5   7.6821266e-19
      22376.7   7.3055682e-19
      22378.9   7.0881472e-19
      22381.0   6.7719447e-19
      22383.2   6.0165183e-19
      22385.4   4.6910876e-19
      22387.6   3.0143050e-19
      22389.7   1.4425179e-19
      22391.9   4.0368781e-20
      22394.1   7.2521623e-21
      22396.2   3.2722857e-20
      22398.4   8.6394391e-20
      22400.6   1.3678694e-19
      22402.8   1.6581916e-19
      22404.9   1.7624370e-19
      22407.1   1.8768908e-19
      22409.3   2.1924805e-19
      22411.4   2.6885890e-19
      22413.6   3.0969099e-19
      22415.8   3.1379080e-19
      22418.0   2.8705786e-19
      22420.1   2.8228020e-19
      22422.3   3.7216328e-19
      22424.5   6.0154833e-19
      22426.7   9.5849961e-19
      22428.8   1.3825175e-18
      22431.0   1.7909317e-18
      22433.2   2.0982912e-18
      22435.3   2.2260722e-18
      22437.5   2.1168799e-18
      22439.7   1.7610656e-18
      22441.9   1.2194839e-18
      22444.0   6.1702349e-19
      22446.2   1.0063971e-19
      22448.4  -2.3130303e-19
      22450.5  -3.7458076e-19
      22452.7  -3.9434701e-19
      22454.9  -3.4855336e-19
      22457.1  -2.3293909e-19
      22459.2  -4.3893621e-21
      22461.4   3.4102511e-19
      22463.6   7.2277615e-19
      22465.7   1.0201013e-18
      22467.9   1.1628223e-18
      22470.1   1.1754559e-18
      22472.3   1.1367135e-18
      22474.4   1.1046140e-18
      22476.6   1.0786172e-18
      22478.8   1.0157697e-18
      22481.0   8.7506741e-19
      22483.1   6.5870125e-19
      22485.3   4.2873559e-19
      22487.5   2.8504952e-19
      22489.6   3.1037609e-19
      22491.8   5.1866390e-19
      22494.0   8.4891446e-19
      22496.2   1.2092200e-18
      22498.3   1.5283895e-18
      22500.5   1.7716916e-18
      22502.7   1.9226714e-18
      22504.8   1.9688935e-18
      22507.0   1.9133236e-18
      22509.2   1.7894797e-18
      22511.4   1.6417769e-18
      22513.5   1.4838707e-18
      22515.7   1.2813949e-18
      22517.9   9.8586687e-19
      22520.0   5.9202880e-19
      22522.2   1.6380234e-19
      22524.4  -1.9439871e-19
      22526.6  -3.9355383e-19
      22528.7  -3.9949374e-19
      22530.9  -2.3779483e-19
      22533.1   2.6771559e-20
      22535.2   3.1970903e-19
      22537.4   5.8209523e-19
      22539.6   7.8161473e-19
      22541.8   9.0632775e-19
      22543.9   9.5306615e-19
      22546.1   9.2769609e-19
      22548.3   8.5663145e-19
      22550.5   7.8879986e-19
      22552.6   7.7331826e-19
      22554.8   8.2511789e-19
      22557.0   9.0855146e-19
      22559.1   9.5461344e-19
      22561.3   9.0205654e-19
      22563.5   7.3284095e-19
      22565.7   4.7876295e-19
      22567.8   2.0213161e-19
      22570.0  -2.9560140e-20
      22572.2  -1.6129997e-19
      22574.3  -1.6229095e-19
      22576.5  -3.7124518e-20
      22578.7   1.7043567e-19
      22580.9   3.9270533e-19
      22583.0   5.6859534e-19
      22585.2   6.6989944e-19
      22587.4   7.0658187e-19
      22589.5   7.1238361e-19
      22591.7   7.2483189e-19
      22593.9   7.7006872e-19
      22596.1   8.5445168e-19
      22598.2   9.6220462e-19
      22600.4   1.0630393e-18
      22602.6   1.1285431e-18
      22604.8   1.1466105e-18
      22606.9   1.1229472e-18
      22609.1   1.0704477e-18
      22611.3   9.9581567e-19
      22613.4   8.9427855e-19
      22615.6   7.5758603e-19
      22617.8   5.9055675e-19
      22620.0   4.2323094e-19
      22622.1   3.0541863e-19
      22624.3   2.8261513e-19
      22626.5   3.6779363e-19
      22628.6   5.2986846e-19
      22630.8   7.0753731e-19
      22633.0   8.3757498e-19
      22635.2   8.7971119e-19
      22637.3   8.2964606e-19
      22639.5   7.2109481e-19
      22641.7   6.1842897e-19
      22643.8   5.9470289e-19
      22646.0   6.9889151e-19
      22648.2   9.3070226e-19
      22650.4   1.2411925e-18
      22652.5   1.5595467e-18
      22654.7   1.8243441e-18
      22656.9   1.9979953e-18
      22659.1   2.0631724e-18
      22661.2   2.0190657e-18
      22663.4   1.8843765e-18
      22665.6   1.6964554e-18
      22667.7   1.4979499e-18
      22669.9   1.3212585e-18
      22672.1   1.1849006e-18
      22674.3   1.1013041e-18
      22676.4   1.0775292e-18
      22678.6   1.1006644e-18
      22680.8   1.1259190e-18
      22682.9   1.0923633e-18
      22685.1   9.6774693e-19
      22687.3   7.8908818e-19
      22689.5   6.5632563e-19
      22691.6   6.7171346e-19
      22693.8   8.6800327e-19
      22696.0   1.1768440e-18
      22698.1   1.4590143e-18
      22700.3   1.5755036e-18
      22702.5   1.4563732e-18
      22704.7   1.1296146e-18
      22706.8   7.0200557e-19
      22709.0   3.0810553e-19
      22711.2   5.5736384e-20
      22713.3  -8.2859095e-21
      22715.5   9.4503608e-20
      22717.7   2.9392549e-19
      22719.9   5.1054002e-19
      22722.0   6.9597424e-19
      22724.2   8.5072751e-19
      22726.4   1.0110457e-18
      22728.6   1.2192642e-18
      22730.7   1.5003378e-18
      22732.9   1.8512736e-18
      22735.1   2.2353349e-18
      22737.2   2.5811959e-18
      22739.4   2.8031158e-18
      22741.6   2.8409057e-18
      22743.8   2.6937474e-18
      22745.9   2.4183648e-18
      22748.1   2.0984208e-18
      22750.3   1.8159184e-18
      22752.4   1.6363271e-18
      22754.6   1.5949726e-18
      22756.8   1.6833635e-18
      22759.0   1.8528739e-18
      22761.1   2.0444785e-18
      22763.3   2.2219504e-18
      22765.5   2.3777788e-18
      22767.6   2.5136677e-18
      22769.8   2.6286536e-18
      22772.0   2.7312689e-18
      22774.2   2.8522635e-18
      22776.3   3.0373514e-18
      22778.5   3.3177374e-18
      22780.7   3.6814335e-18
      22782.9   4.0649633e-18
      22785.0   4.3713238e-18
      22787.2   4.5116748e-18
      22789.4   4.4486090e-18
      22791.5   4.2203103e-18
      22793.7   3.9261416e-18
      22795.9   3.6766447e-18
      22798.1   3.5380742e-18
      22800.2   3.5041001e-18
      22802.4   3.5082621e-18
      22804.6   3.4596657e-18
      22806.7   3.2838704e-18
      22808.9   2.9512174e-18
      22811.1   2.4896096e-18
      22813.3   1.9803935e-18
      22815.4   1.5294580e-18
      22817.6   1.2230068e-18
      22819.8   1.0926976e-18
      22821.9   1.1103265e-18
      22824.1   1.2109717e-18
      22826.3   1.3286835e-18
      22828.5   1.4247734e-18
      22830.6   1.4983951e-18
      22832.8   1.5803414e-18
      22835.0   1.7136969e-18
      22837.1   1.9257840e-18
      22839.3   2.2027647e-18
      22841.5   2.4885071e-18
      22843.7   2.7124016e-18
      22845.8   2.8247669e-18
      22848.0   2.8157478e-18
      22850.2   2.7126488e-18
      22852.4   2.5649204e-18
      22854.5   2.4230883e-18
      22856.7   2.3237784e-18
      22858.9   2.2836434e-18
      22861.0   2.3079724e-18
      22863.2   2.3993697e-18
      22865.4   2.5504614e-18
      22867.6   2.7261028e-18
      22869.7   2.8591976e-18
      22871.9   2.8676482e-18
      22874.1   2.6921225e-18
      22876.2   2.3352104e-18
      22878.4   1.8716628e-18
      22880.6   1.4181815e-18
      22882.8   1.0744250e-18
      22884.9   8.7441921e-19
      22887.1   7.8512306e-19
      22889.3   7.4744210e-19
      22891.4   7.1838724e-19
      22893.6   6.7648227e-19
      22895.8   6.0055760e-19
      22898.0   4.6313639e-19
      22900.1   2.5433474e-19
      22902.3   7.9912484e-21
      22904.5  -2.0359470e-19
      22906.7  -3.0480992e-19
      22908.8  -2.5334045e-19
      22911.0  -5.4291178e-20
      22913.2   2.4376503e-19
      22915.3   5.5976922e-19
      22917.5   8.0169295e-19
      22919.7   9.0216644e-19
      22921.9   8.4897733e-19
      22924.0   6.8412762e-19
      22926.2   4.7680992e-19
      22928.4   2.9865134e-19
      22930.5   2.1175275e-19
      22932.7   2.5217904e-19
      22934.9   4.0241946e-19
      22937.1   5.8083452e-19
      22939.2   6.7793744e-19
      22941.4   6.2505742e-19
      22943.6   4.4307639e-19
      22945.7   2.3158800e-19
      22947.9   1.0745499e-19
      22950.1   1.3733186e-19
      22952.3   3.0536876e-19
      22954.4   5.3053420e-19
      22956.6   7.1961502e-19
      22958.8   8.2176211e-19
      22961.0   8.4999596e-19
      22963.1   8.6000804e-19
      22965.3   9.0912101e-19
      22967.5   1.0281213e-18
      22969.6   1.2183072e-18
      22971.8   1.4623429e-18
      22974.0   1.7310042e-18
      22976.2   1.9814059e-18
      22978.3   2.1594215e-18
      22980.5   2.2156214e-18
      22982.7   2.1305898e-18
      22984.8   1.9323095e-18
      22987.0   1.6889458e-18
      22989.2   1.4720541e-18
      22991.4   1.3157551e-18
      22993.5   1.2056678e-18
      22995.7   1.1080404e-18
      22997.9   1.0095333e-18
      23000.0   9.2916300e-19
      23002.2   8.9218825e-19
      23004.4   8.9543118e-19
      23006.6   9.0035012e-19
      23008.7   8.6243312e-19
      23010.9   7.7062674e-19
      23013.1   6.5874940e-19
      23015.2   5.8071747e-19
      23017.4   5.7668400e-19
      23019.6   6.5812621e-19
      23021.8   8.1323072e-19
      23023.9   1.0182385e-18
      23026.1   1.2469166e-18
      23028.3   1.4785136e-18
      23030.5   1.7010250e-18
      23032.6   1.9076906e-18
      23034.8   2.0938313e-18
      23037.0   2.2609673e-18
      23039.1   2.4176819e-18
      23041.3   2.5652046e-18
      23043.5   2.6755302e-18
      23045.7   2.6887725e-18
      23047.8   2.5450876e-18
      23050.0   2.2321315e-18
      23052.2   1.8081410e-18
      23054.3   1.3741815e-18
      23056.5   1.0057422e-18
      23058.7   6.9767036e-19
      23060.9   3.6841171e-19
      23063.0  -6.9712118e-20
      23065.2  -6.2383049e-19
      23067.4  -1.1867864e-18
      23069.5  -1.5866495e-18
      23071.7  -1.6855526e-18
      23073.9  -1.4587888e-18
      23076.1  -9.9821799e-19
      23078.2  -4.5002731e-19
      23080.4   5.8575502e-20
      23082.6   4.5565601e-19
      23084.8   7.1899914e-19
      23086.9   8.5637582e-19
      23089.1   8.9366212e-19
      23091.3   8.7128381e-19
      23093.4   8.3840245e-19
      23095.6   8.4132219e-19
      23097.8   9.0784874e-19
      23100.0   1.0324976e-18
      23102.1   1.1749050e-18
      23104.3   1.2840928e-18
      23106.5   1.3371101e-18
      23108.6   1.3556554e-18
      23110.8   1.3796422e-18
      23113.0   1.4226991e-18
      23115.2   1.4549928e-18
      23117.3   1.4276353e-18
      23119.5   1.3086553e-18
      23121.7   1.0966968e-18
      23123.8   8.1043882e-19
      23126.0   4.7619526e-19
      23128.2   1.3122979e-19
      23130.4  -1.6530966e-19
      23132.5  -3.3501376e-19
      23134.7  -3.0829863e-19
      23136.9  -6.6545196e-20
      23139.1   3.3342842e-19
      23141.2   7.7610809e-19
      23143.4   1.1394226e-18
      23145.6   1.3504399e-18
      23147.7   1.4098737e-18
      23149.9   1.3723252e-18
      23152.1   1.2990501e-18
      23154.3   1.2183387e-18
      23156.4   1.1133122e-18
      23158.6   9.4572470e-19
      23160.8   6.9914135e-19
      23162.9   4.1237856e-19
      23165.1   1.7383703e-19
      23167.3   7.1479228e-20
      23169.5   1.3265265e-19
      23171.6   3.0325298e-19
      23173.8   4.8232956e-19
      23176.0   5.7907273e-19
      23178.1   5.4939124e-19
      23180.3   4.0360442e-19
      23182.5   1.9918268e-19
      23184.7   2.0789752e-20
      23186.8  -5.7147734e-20
      23189.0  -9.8206982e-21
      23191.2   1.2831448e-19
      23193.3   2.9633996e-19
      23195.5   4.5293396e-19
      23197.7   5.9179805e-19
      23199.9   7.1618563e-19
      23202.0   8.0598407e-19
      23204.2   8.1684475e-19
      23206.4   7.1632273e-19
      23208.6   5.2706727e-19
      23210.7   3.3622839e-19
      23212.9   2.5535011e-19
      23215.1   3.5554963e-19
      23217.2   6.2500008e-19
      23219.4   9.7708227e-19
      23221.6   1.2963767e-18
      23223.8   1.4872581e-18
      23225.9   1.5023341e-18
      23228.1   1.3493970e-18
      23230.3   1.0853419e-18
      23232.4   8.0144992e-19
      23234.6   5.9801579e-19
      23236.8   5.4778831e-19
      23239.0   6.6216561e-19
      23241.1   8.8139021e-19
      23243.3   1.0982253e-18
      23245.5   1.2037854e-18
      23247.6   1.1350559e-18
      23249.8   9.0394698e-19
      23252.0   5.9017686e-19
      23254.2   2.9553632e-19
      23256.3   8.3481341e-20
      23258.5  -5.1690297e-20
      23260.7  -1.6596310e-19
      23262.9  -3.1768549e-19
      23265.0  -5.2869977e-19
      23267.2  -7.7630476e-19
      23269.4  -1.0109917e-18
      23271.5  -1.1817711e-18
      23273.7  -1.2508686e-18
      23275.9  -1.1956885e-18
      23278.1  -1.0093710e-18
      23280.2  -7.0904303e-19
      23282.4  -3.4638724e-19
      23284.6  -3.8863938e-21
      23286.7   2.3550414e-19
      23288.9   3.3387744e-19
      23291.1   3.2369565e-19
      23293.3   2.8402705e-19
      23295.4   2.8273930e-19
      23297.6   3.3797944e-19
      23299.8   4.3311978e-19
      23301.9   5.6094601e-19
      23304.1   7.4313600e-19
      23306.3   1.0038143e-18
      23308.5   1.3274371e-18
      23310.6   1.6466599e-18
      23312.8   1.8725668e-18
      23315.0   1.9382582e-18
      23317.1   1.8199631e-18
      23319.3   1.5311111e-18
      23321.5   1.1129335e-18
      23323.7   6.3574328e-19
      23325.8   1.9498383e-19
      23328.0  -1.2223738e-19
      23330.2  -2.8718984e-19
      23332.4  -3.4727333e-19
      23334.5  -3.8343585e-19
      23336.7  -4.4092226e-19
      23338.9  -4.9662918e-19
      23341.0  -4.8776941e-19
      23343.2  -3.6881937e-19
      23345.4  -1.4671257e-19
      23347.6   1.2844417e-19
      23349.7   4.0249660e-19
      23351.9   6.5264846e-19
      23354.1   8.9159312e-19
      23356.2   1.1385424e-18
      23358.4   1.3801942e-18
      23360.6   1.5567737e-18
      23362.8   1.5948325e-18
      23364.9   1.4697273e-18
      23367.1   1.2471364e-18
      23369.3   1.0590667e-18
      23371.4   1.0220667e-18
      23373.6   1.1594646e-18
      23375.8   1.3893329e-18
      23378.0   1.5883790e-18
      23380.1   1.6786840e-18
      23382.3   1.6690549e-18
      23384.5   1.6294144e-18
      23386.7   1.6334013e-18
      23388.8   1.7158754e-18
      23391.0   1.8596809e-18
      23393.2   2.0003355e-18
      23395.3   2.0477530e-18
      23397.5   1.9298067e-18
      23399.7   1.6388339e-18
      23401.9   1.2386724e-18
      23404.0   8.2279803e-19
      23406.2   4.6536471e-19
      23408.4   2.0046908e-19
      23410.5   3.3546260e-20
      23412.7  -4.2354071e-20
      23414.9  -4.2197332e-20
      23417.1   1.0603108e-20
      23419.2   8.6900516e-20
      23421.4   1.5434314e-19
      23423.6   1.8001489e-19
      23425.7   1.4281167e-19
      23427.9   5.4497223e-20
      23430.1  -3.3826017e-20
      23432.3  -5.9195997e-20
      23434.4   8.2384276e-21
      23436.6   1.4336487e-19
      23438.8   2.8632922e-19
      23440.9   3.8297194e-19
      23443.1   4.1033769e-19
      23447.5   3.7447214e-19
      23449.6   2.9525092e-19
      23451.8   1.9712041e-19
      23454.0   1.1318050e-19
      23456.2   8.4050227e-20
      23458.3   1.3919318e-19
      23460.5   2.7252726e-19
      23462.7   4.3957566e-19
      23464.8   5.8344925e-19
      23467.0   6.6801805e-19
      23469.2   6.9445858e-19
      23471.4   6.9696531e-19
      23473.5   7.2624551e-19
      23475.7   8.2796487e-19
      23477.9   1.0217281e-18
      23480.0   1.2906869e-18
      23482.2   1.5892770e-18
      23484.4   1.8653836e-18
      23486.6   2.0837473e-18
      23488.7   2.2330324e-18
      23490.9   2.3186699e-18
      23493.1   2.3491497e-18
      23495.2   2.3274699e-18
      23497.4   2.2542456e-18
      23499.6   2.1386834e-18
      23501.8   2.0009394e-18
      23503.9   1.8625633e-18
      23506.1   1.7353310e-18
      23508.3   1.6173870e-18
      23510.5   1.4970168e-18
      23512.6   1.3611953e-18
      23514.8   1.2103113e-18
      23517.0   1.0749662e-18
      23519.1   1.0174165e-18
      23521.3   1.0986372e-18
      23523.5   1.3262439e-18
      23525.7   1.6231627e-18
      23527.8   1.8512655e-18
      23530.0   1.8842784e-18
      23532.2   1.6827230e-18
      23534.3   1.3146923e-18
      23536.5   9.0919728e-19
      23538.7   5.7766173e-19
      23540.9   3.6576866e-19
      23543.0   2.6145661e-19
      23545.2   2.2694562e-19
      23547.4   2.1691448e-19
      23549.5   1.8654372e-19
      23551.7   1.1292852e-19
      23553.9   2.1241898e-20
      23556.1  -2.1488548e-20
      23558.2   4.5841061e-20
      23560.4   2.3028361e-19
      23562.6   4.8121736e-19
      23564.8   7.2929564e-19
      23566.9   9.3018829e-19
      23569.1   1.0843134e-18
      23571.3   1.2276370e-18
      23573.4   1.4031519e-18
      23575.6   1.6251360e-18
      23577.8   1.8549298e-18
      23580.0   2.0099950e-18
      23582.1   2.0093572e-18
      23584.3   1.8309304e-18
      23586.5   1.5349997e-18
      23588.6   1.2355895e-18
      23590.8   1.0407977e-18
      23593.0   9.9986490e-19
      23595.2   1.0855418e-18
      23597.3   1.2127225e-18
      23599.5   1.2803469e-18
      23601.7   1.2169274e-18
      23603.8   1.0111559e-18
      23606.0   7.0885187e-19
      23608.2   3.8156497e-19
      23610.4   9.4420112e-20
      23612.5  -1.0494740e-19
      23614.7  -1.8242841e-19
      23616.9  -1.1924340e-19
      23619.1   7.5992425e-20
      23621.2   3.6401578e-19
      23623.4   6.9569629e-19
      23625.6   1.0424996e-18
      23627.7   1.4042892e-18
      23629.9   1.7834698e-18
      23632.1   2.1523689e-18
      23634.3   2.4452688e-18
      23636.4   2.5769499e-18
      23638.6   2.4772717e-18
      23640.8   2.1282431e-18
      23642.9   1.5878871e-18
      23645.1   9.8182941e-19
      23647.3   4.5520199e-19
      23649.5   1.0973379e-19
      23651.6  -3.3185861e-20
      23653.8  -1.9168653e-20
      23656.0   8.5041802e-20
      23658.1   2.2932068e-19
      23660.3   3.8522980e-19
      23662.5   5.2718167e-19
      23664.7   6.1676940e-19
      23666.8   6.1020696e-19
      23669.0   4.8696902e-19
      23671.2   2.7674181e-19
      23673.3   6.0942092e-20
      23675.5  -5.7095582e-20
      23677.7   1.0866653e-21
      23679.9   2.5199341e-19
      23682.0   6.4477192e-19
      23684.2   1.0888257e-18
      23686.4   1.4930742e-18
      23688.6   1.7906063e-18
      23690.7   1.9450824e-18
      23692.9   1.9536427e-18
      23695.1   1.8528983e-18
      23697.2   1.7129413e-18
      23699.4   1.6039359e-18
      23701.6   1.5533073e-18
      23703.8   1.5316880e-18
      23705.9   1.4838837e-18
      23708.1   1.3774165e-18
      23710.3   1.2230261e-18
      23712.4   1.0512476e-18
      23714.6   8.7445579e-19
      23716.8   6.7618028e-19
      23719.0   4.4135646e-19
      23721.1   2.0091788e-19
      23723.3   4.4813287e-20
      23725.5   8.1156666e-20
      23727.6   3.6232959e-19
      23729.8   8.3114179e-19
      23732.0   1.3335056e-18
      23734.2   1.6983583e-18
      23736.3   1.8333959e-18
      23738.5   1.7710787e-18
      23740.7   1.6352643e-18
      23742.9   1.5567747e-18
      23745.0   1.5982638e-18
      23747.2   1.7327410e-18
      23749.4   1.8708667e-18
      23751.5   1.9077078e-18
      23753.7   1.7593394e-18
      23755.9   1.3878444e-18
      23758.1   8.2506827e-19
      23760.2   1.8285567e-19
      23762.4  -3.7760428e-19
      23764.6  -7.1753260e-19
      23766.7  -7.8778089e-19
      23768.9  -6.3918106e-19
      23771.1  -3.7036578e-19
      23773.3  -6.2342638e-20
      23775.4   2.4806692e-19
      23777.6   5.5238013e-19
      23779.8   8.4578839e-19
      23781.9   1.1154300e-18
      23784.1   1.3374600e-18
      23786.3   1.4786189e-18
      23788.5   1.5085752e-18
      23790.6   1.4255880e-18
      23792.8   1.2732526e-18
      23795.0   1.1245794e-18
      23797.1   1.0416282e-18
      23799.3   1.0432797e-18
      23801.5   1.1042178e-18
      23803.7   1.1740731e-18
      23805.8   1.1981400e-18
      23808.0   1.1349796e-18
      23810.2   9.7596809e-19
      23812.4   7.6040139e-19
      23814.5   5.6943379e-19
      23816.7   4.9286331e-19
      23818.9   5.8188114e-19
      23821.0   8.1716765e-19
      23823.2   1.1126022e-18
      23825.4   1.3566770e-18
      23827.6   1.4700230e-18
      23829.7   1.4436294e-18
      23831.9   1.3354307e-18
      23834.1   1.2263193e-18
      23836.2   1.1650406e-18
      23838.4   1.1430982e-18
      23840.6   1.1149190e-18
      23842.8   1.0419840e-18
      23844.9   9.2163190e-19
      23847.1   7.8556183e-19
      23849.3   6.7828159e-19
      23851.4   6.4030193e-19
      23853.6   6.9554476e-19
      23855.8   8.3657402e-19
      23858.0   1.0150512e-18
      23860.1   1.1553560e-18
      23862.3   1.1941948e-18
      23864.5   1.1169986e-18
      23866.7   9.6410590e-19
      23868.8   8.0154324e-19
      23871.0   6.8393109e-19
      23873.2   6.3288105e-19
      23875.3   6.3509578e-19
      23877.5   6.5218655e-19
      23879.7   6.4021469e-19
      23881.9   5.7743432e-19
      23884.0   4.8400356e-19
      23886.2   4.1117181e-19
      23888.4   3.9802060e-19
      23890.5   4.3642022e-19
      23892.7   4.7984792e-19
      23894.9   4.8665796e-19
      23897.1   4.5507415e-19
      23899.2   4.1937931e-19
      23901.4   4.1748012e-19
      23903.6   4.5776768e-19
      23905.7   5.1080182e-19
      23907.9   5.3067373e-19
      23910.1   4.8979597e-19
      23912.3   4.0130512e-19
      23914.4   3.1184429e-19
      23916.6   2.7202473e-19
      23918.8   3.0226413e-19
      23921.0   3.7971680e-19
      23923.1   4.5575354e-19
      23925.3   4.9151711e-19
      23927.5   4.8172901e-19
      23929.6   4.5005741e-19
      23931.8   4.3138403e-19
      23934.0   4.5994389e-19
      23936.2   5.6381871e-19
      23938.3   7.4866186e-19
      23940.5   9.7479994e-19
      23942.7   1.1537775e-18
      23944.8   1.1829023e-18
      23947.0   1.0106659e-18
      23949.2   6.7909009e-19
      23951.4   3.0334156e-19
      23953.5   2.4183476e-22
      23955.7  -1.7239608e-19
      23957.9  -2.2430661e-19
      23960.0  -1.9918459e-19
      23962.2  -1.4825959e-19
      23964.4  -1.3023143e-19
      23966.6  -2.0472674e-19
      23968.7  -3.9669031e-19
      23970.9  -6.6149148e-19
      23973.1  -9.0449624e-19
      23975.2  -1.0541687e-18
      23977.4  -1.1174830e-18
      23979.6  -1.1508239e-18
      23981.8  -1.1816522e-18
      23983.9  -1.1510652e-18
      23986.1  -9.5530757e-19
      23988.3  -5.5334091e-19
      23990.5  -4.9247543e-20
      23992.6   3.3144054e-19
      23994.8   3.6703679e-19
      23997.0  -3.1076265e-20
      23999.1  -7.6985338e-19
      24001.3  -1.6247222e-18
      24003.5  -2.3282845e-18
      24005.7  -2.6542412e-18
      24007.8  -2.4883953e-18
      24010.0  -1.8656349e-18
      24012.2  -9.5074552e-19
      24014.3   2.6893223e-20
      24016.5   8.5182471e-19
      24018.7   1.4066968e-18
      24020.9   1.7022234e-18
      24023.0   1.8362453e-18
      24025.2   1.9082126e-18
      24027.4   1.9547956e-18
      24029.5   1.9557754e-18
      24031.7   1.8766260e-18
      24033.9   1.7149696e-18
      24036.1   1.4960259e-18
      24038.2   1.2538442e-18
